25 30 undirected d
(1,1) (1,2) (1,3) (1,4) (2,1) (2,2) (2,4) (2,5) (2,6) (3,1) (3,5) (3,6) (4,1) (4,6) (5,1) (5,2) (5,3) (5,5) (5,6) (6,1) (6,2) (6,3) (6,4) (6,5) (6,6)
(1,1) (1,2) 1
(1,2) (1,3) 1
(1,3) (1,4) 1
(1,1) (2,1) 1
(1,2) (2,2) 1
(1,4) (2,4) 1
(2,1) (2,2) 1
(2,4) (2,5) 1
(2,5) (2,6) 1
(2,1) (3,1) 1
(2,5) (3,5) 1
(2,6) (3,6) 1
(3,5) (3,6) 1
(3,1) (4,1) 1
(3,6) (4,6) 1
(4,1) (5,1) 1
(4,6) (5,6) 1
(5,1) (5,2) 1
(5,2) (5,3) 1
(5,5) (5,6) 1
(5,1) (6,1) 1
(5,2) (6,2) 1
(5,3) (6,3) 1
(5,5) (6,5) 1
(5,6) (6,6) 1
(6,1) (6,2) 1
(6,2) (6,3) 1
(6,3) (6,4) 1
(6,4) (6,5) 1
(6,5) (6,6) 1

=============================================
The map is the following:

....**
..*...
.***..
.****.
...*..
......

. is a valid square
* is an obstacle

Top left corner is (1,1).
Bottom right corner is (6,6).
Every move has a cost of 1.
